{
  "probe_weights": "results/arc/hardened/linear_probes/probe_weights.pt",
  "analysis": {
    "z_H_step0": {
      "targets": [
        "colour_changed",
        "input_inside_grid",
        "is_eos",
        "is_object_boundary",
        "output_inside_grid",
        "per_cell_correct",
        "same_as_input"
      ],
      "val_acc": {
        "colour_changed": 0.9693869352340698,
        "input_inside_grid": 0.9982415437698364,
        "is_eos": 0.9983214735984802,
        "is_object_boundary": 0.8520501852035522,
        "output_inside_grid": 0.9982415437698364,
        "per_cell_correct": 0.9082407355308533,
        "same_as_input": 0.9650707244873047
      },
      "weight_norms": {
        "colour_changed": 6.47950553894043,
        "input_inside_grid": 3.260580062866211,
        "is_eos": 2.2111032009124756,
        "is_object_boundary": 7.711599349975586,
        "output_inside_grid": 3.260580062866211,
        "per_cell_correct": 5.127138614654541,
        "same_as_input": 6.579659461975098
      },
      "cosine_matrix": [
        [
          1.0,
          0.2455,
          -0.2002,
          0.3864,
          0.2455,
          -0.5513,
          -0.8728
        ],
        [
          0.2455,
          1.0,
          -0.232,
          0.3523,
          1.0,
          0.0284,
          0.1084
        ],
        [
          -0.2002,
          -0.232,
          1.0,
          -0.1372,
          -0.232,
          0.3867,
          0.113
        ],
        [
          0.3864,
          0.3523,
          -0.1372,
          1.0,
          0.3523,
          -0.3032,
          -0.2484
        ],
        [
          0.2455,
          1.0,
          -0.232,
          0.3523,
          1.0,
          0.0284,
          0.1084
        ],
        [
          -0.5513,
          0.0284,
          0.3867,
          -0.3032,
          0.0284,
          1.0,
          0.5726
        ],
        [
          -0.8728,
          0.1084,
          0.113,
          -0.2484,
          0.1084,
          0.5726,
          1.0
        ]
      ],
      "pca_explained_variance_ratio": [
        0.49,
        0.2674,
        0.1227,
        0.0712,
        0.0487,
        0.0,
        0.0
      ],
      "pc1_explained_variance": 0.49,
      "n_dims_for_90pct_var": 4,
      "subspace_dim": 7,
      "hidden_dim": 512
    },
    "z_H_step1": {
      "targets": [
        "colour_changed",
        "input_inside_grid",
        "is_eos",
        "is_object_boundary",
        "output_inside_grid",
        "per_cell_correct",
        "same_as_input"
      ],
      "val_acc": {
        "colour_changed": 0.9659798741340637,
        "input_inside_grid": 0.9984028339385986,
        "is_eos": 0.9990416765213013,
        "is_object_boundary": 0.8136879205703735,
        "output_inside_grid": 0.9984028339385986,
        "per_cell_correct": 0.9036895036697388,
        "same_as_input": 0.9659798741340637
      },
      "weight_norms": {
        "colour_changed": 4.7313995361328125,
        "input_inside_grid": 4.628947734832764,
        "is_eos": 3.708177089691162,
        "is_object_boundary": 5.779839515686035,
        "output_inside_grid": 4.628947734832764,
        "per_cell_correct": 3.977562427520752,
        "same_as_input": 5.074657917022705
      },
      "cosine_matrix": [
        [
          1.0,
          0.0039,
          0.1078,
          0.2228,
          0.0039,
          -0.1723,
          -0.7982
        ],
        [
          0.0039,
          1.0,
          -0.4489,
          0.0379,
          1.0,
          0.3027,
          0.3311
        ],
        [
          0.1078,
          -0.4489,
          1.0,
          -0.0409,
          -0.4489,
          0.2044,
          -0.129
        ],
        [
          0.2228,
          0.0379,
          -0.0409,
          1.0,
          0.0379,
          -0.0936,
          -0.1705
        ],
        [
          0.0039,
          1.0,
          -0.4489,
          0.0379,
          1.0,
          0.3027,
          0.3311
        ],
        [
          -0.1723,
          0.3027,
          0.2044,
          -0.0936,
          0.3027,
          1.0,
          0.3432
        ],
        [
          -0.7982,
          0.3311,
          -0.129,
          -0.1705,
          0.3311,
          0.3432,
          1.0
        ]
      ],
      "pca_explained_variance_ratio": [
        0.4118,
        0.2975,
        0.1643,
        0.0885,
        0.038,
        0.0,
        0.0
      ],
      "pc1_explained_variance": 0.4118,
      "n_dims_for_90pct_var": 4,
      "subspace_dim": 7,
      "hidden_dim": 512
    },
    "z_H_step2": {
      "targets": [
        "colour_changed",
        "input_inside_grid",
        "is_eos",
        "is_object_boundary",
        "output_inside_grid",
        "per_cell_correct",
        "same_as_input"
      ],
      "val_acc": {
        "colour_changed": 0.9701014757156372,
        "input_inside_grid": 0.998161256313324,
        "is_eos": 0.9988807439804077,
        "is_object_boundary": 0.8227675557136536,
        "output_inside_grid": 0.998161256313324,
        "per_cell_correct": 0.9185386300086975,
        "same_as_input": 0.9691421985626221
      },
      "weight_norms": {
        "colour_changed": 4.920942306518555,
        "input_inside_grid": 4.267907619476318,
        "is_eos": 3.2885525226593018,
        "is_object_boundary": 5.642287731170654,
        "output_inside_grid": 4.267907619476318,
        "per_cell_correct": 4.00484037399292,
        "same_as_input": 4.917492866516113
      },
      "cosine_matrix": [
        [
          1.0,
          0.1673,
          0.0988,
          0.1684,
          0.1673,
          0.03,
          -0.7436
        ],
        [
          0.1673,
          1.0,
          -0.3773,
          0.0494,
          1.0,
          0.3316,
          0.2881
        ],
        [
          0.0988,
          -0.3773,
          1.0,
          -0.0581,
          -0.3773,
          0.2455,
          -0.1144
        ],
        [
          0.1684,
          0.0494,
          -0.0581,
          1.0,
          0.0494,
          -0.0873,
          -0.1131
        ],
        [
          0.1673,
          1.0,
          -0.3773,
          0.0494,
          1.0,
          0.3316,
          0.2881
        ],
        [
          0.03,
          0.3316,
          0.2455,
          -0.0873,
          0.3316,
          1.0,
          0.21
        ],
        [
          -0.7436,
          0.2881,
          -0.1144,
          -0.1131,
          0.2881,
          0.21,
          1.0
        ]
      ],
      "pca_explained_variance_ratio": [
        0.374,
        0.2993,
        0.1972,
        0.0924,
        0.0371,
        0.0,
        0.0
      ],
      "pc1_explained_variance": 0.374,
      "n_dims_for_90pct_var": 4,
      "subspace_dim": 7,
      "hidden_dim": 512
    },
    "z_H_step4": {
      "targets": [
        "colour_changed",
        "input_inside_grid",
        "is_eos",
        "is_object_boundary",
        "output_inside_grid",
        "per_cell_correct",
        "same_as_input"
      ],
      "val_acc": {
        "colour_changed": 0.9755591154098511,
        "input_inside_grid": 0.9980031847953796,
        "is_eos": 0.9988817572593689,
        "is_object_boundary": 0.8281149864196777,
        "output_inside_grid": 0.9980031847953796,
        "per_cell_correct": 0.9059904217720032,
        "same_as_input": 0.9747603535652161
      },
      "weight_norms": {
        "colour_changed": 6.022838592529297,
        "input_inside_grid": 4.831149101257324,
        "is_eos": 3.482002019882202,
        "is_object_boundary": 6.219526767730713,
        "output_inside_grid": 4.831149101257324,
        "per_cell_correct": 4.037774562835693,
        "same_as_input": 5.6438517570495605
      },
      "cosine_matrix": [
        [
          1.0,
          0.2188,
          0.1041,
          0.2085,
          0.2188,
          -0.049,
          -0.7676
        ],
        [
          0.2188,
          1.0,
          -0.4199,
          0.0788,
          1.0,
          0.278,
          0.198
        ],
        [
          0.1041,
          -0.4199,
          1.0,
          -0.0439,
          -0.4199,
          0.2274,
          -0.1279
        ],
        [
          0.2085,
          0.0788,
          -0.0439,
          1.0,
          0.0788,
          -0.1197,
          -0.1681
        ],
        [
          0.2188,
          1.0,
          -0.4199,
          0.0788,
          1.0,
          0.278,
          0.198
        ],
        [
          -0.049,
          0.278,
          0.2274,
          -0.1197,
          0.278,
          1.0,
          0.2679
        ],
        [
          -0.7676,
          0.198,
          -0.1279,
          -0.1681,
          0.198,
          0.2679,
          1.0
        ]
      ],
      "pca_explained_variance_ratio": [
        0.3639,
        0.3277,
        0.1843,
        0.0883,
        0.0358,
        0.0,
        0.0
      ],
      "pc1_explained_variance": 0.3639,
      "n_dims_for_90pct_var": 4,
      "subspace_dim": 7,
      "hidden_dim": 512
    },
    "z_H_step8": {
      "targets": [
        "colour_changed",
        "input_inside_grid",
        "is_eos",
        "is_object_boundary",
        "output_inside_grid",
        "per_cell_correct",
        "same_as_input"
      ],
      "val_acc": {
        "colour_changed": 0.9713236093521118,
        "input_inside_grid": 0.9981628060340881,
        "is_eos": 0.9990414381027222,
        "is_object_boundary": 0.8221104145050049,
        "output_inside_grid": 0.9981628060340881,
        "per_cell_correct": 0.9226775169372559,
        "same_as_input": 0.9694863557815552
      },
      "weight_norms": {
        "colour_changed": 6.591920375823975,
        "input_inside_grid": 4.81026029586792,
        "is_eos": 3.5349481105804443,
        "is_object_boundary": 5.9371466636657715,
        "output_inside_grid": 4.81026029586792,
        "per_cell_correct": 4.3617706298828125,
        "same_as_input": 6.008480072021484
      },
      "cosine_matrix": [
        [
          1.0,
          0.2182,
          0.0995,
          0.2293,
          0.2182,
          -0.1276,
          -0.7527
        ],
        [
          0.2182,
          1.0,
          -0.4109,
          0.0623,
          1.0,
          0.265,
          0.1695
        ],
        [
          0.0995,
          -0.4109,
          1.0,
          -0.0339,
          -0.4109,
          0.216,
          -0.1152
        ],
        [
          0.2293,
          0.0623,
          -0.0339,
          1.0,
          0.0623,
          -0.1549,
          -0.1852
        ],
        [
          0.2182,
          1.0,
          -0.4109,
          0.0623,
          1.0,
          0.265,
          0.1695
        ],
        [
          -0.1276,
          0.265,
          0.216,
          -0.1549,
          0.265,
          1.0,
          0.3347
        ],
        [
          -0.7527,
          0.1695,
          -0.1152,
          -0.1852,
          0.1695,
          0.3347,
          1.0
        ]
      ],
      "pca_explained_variance_ratio": [
        0.3607,
        0.3373,
        0.1782,
        0.084,
        0.0398,
        0.0,
        0.0
      ],
      "pc1_explained_variance": 0.3607,
      "n_dims_for_90pct_var": 4,
      "subspace_dim": 7,
      "hidden_dim": 512
    },
    "z_H_step15": {
      "targets": [
        "colour_changed",
        "input_inside_grid",
        "is_eos",
        "is_object_boundary",
        "output_inside_grid",
        "per_cell_correct",
        "same_as_input"
      ],
      "val_acc": {
        "colour_changed": 0.9721290469169617,
        "input_inside_grid": 0.9979236721992493,
        "is_eos": 0.9996007084846497,
        "is_object_boundary": 0.8221530318260193,
        "output_inside_grid": 0.9979236721992493,
        "per_cell_correct": 0.9189426898956299,
        "same_as_input": 0.9724485278129578
      },
      "weight_norms": {
        "colour_changed": 6.653633117675781,
        "input_inside_grid": 4.486456394195557,
        "is_eos": 2.9965012073516846,
        "is_object_boundary": 5.865257263183594,
        "output_inside_grid": 4.486456394195557,
        "per_cell_correct": 4.2442097663879395,
        "same_as_input": 6.129184246063232
      },
      "cosine_matrix": [
        [
          1.0,
          0.2523,
          0.0837,
          0.2564,
          0.2523,
          -0.1393,
          -0.7804
        ],
        [
          0.2523,
          1.0,
          -0.3684,
          0.0805,
          1.0,
          0.2572,
          0.1365
        ],
        [
          0.0837,
          -0.3684,
          1.0,
          -0.0511,
          -0.3684,
          0.2345,
          -0.1071
        ],
        [
          0.2564,
          0.0805,
          -0.0511,
          1.0,
          0.0805,
          -0.1567,
          -0.2173
        ],
        [
          0.2523,
          1.0,
          -0.3684,
          0.0805,
          1.0,
          0.2572,
          0.1365
        ],
        [
          -0.1393,
          0.2572,
          0.2345,
          -0.1567,
          0.2572,
          1.0,
          0.3275
        ],
        [
          -0.7804,
          0.1365,
          -0.1071,
          -0.2173,
          0.1365,
          0.3275,
          1.0
        ]
      ],
      "pca_explained_variance_ratio": [
        0.3589,
        0.3386,
        0.1767,
        0.0854,
        0.0403,
        0.0,
        0.0
      ],
      "pc1_explained_variance": 0.3589,
      "n_dims_for_90pct_var": 4,
      "subspace_dim": 7,
      "hidden_dim": 512
    },
    "z_L_step0": {
      "targets": [
        "colour_changed",
        "input_inside_grid",
        "is_eos",
        "is_object_boundary",
        "output_inside_grid",
        "per_cell_correct",
        "same_as_input"
      ],
      "val_acc": {
        "colour_changed": 0.9879305958747864,
        "input_inside_grid": 0.9996802806854248,
        "is_eos": 0.9999200701713562,
        "is_object_boundary": 0.9834545254707336,
        "output_inside_grid": 0.9996802806854248,
        "per_cell_correct": 0.9278234839439392,
        "same_as_input": 0.9886499643325806
      },
      "weight_norms": {
        "colour_changed": 5.9904608726501465,
        "input_inside_grid": 6.3852128982543945,
        "is_eos": 4.078550815582275,
        "is_object_boundary": 5.46677827835083,
        "output_inside_grid": 6.3852128982543945,
        "per_cell_correct": 4.555335521697998,
        "same_as_input": 6.389578342437744
      },
      "cosine_matrix": [
        [
          1.0,
          0.0838,
          -0.0568,
          0.0794,
          0.0838,
          -0.2345,
          -0.9155
        ],
        [
          0.0838,
          1.0,
          -0.2922,
          0.1342,
          1.0,
          0.143,
          0.1544
        ],
        [
          -0.0568,
          -0.2922,
          1.0,
          -0.1047,
          -0.2922,
          0.1724,
          -0.0641
        ],
        [
          0.0794,
          0.1342,
          -0.1047,
          1.0,
          0.1342,
          -0.032,
          -0.0405
        ],
        [
          0.0838,
          1.0,
          -0.2922,
          0.1342,
          1.0,
          0.143,
          0.1544
        ],
        [
          -0.2345,
          0.143,
          0.1724,
          -0.032,
          0.143,
          1.0,
          0.2738
        ],
        [
          -0.9155,
          0.1544,
          -0.0641,
          -0.0405,
          0.1544,
          0.2738,
          1.0
        ]
      ],
      "pca_explained_variance_ratio": [
        0.3469,
        0.3135,
        0.1712,
        0.114,
        0.0543,
        0.0,
        0.0
      ],
      "pc1_explained_variance": 0.3469,
      "n_dims_for_90pct_var": 4,
      "subspace_dim": 7,
      "hidden_dim": 512
    },
    "z_L_step1": {
      "targets": [
        "colour_changed",
        "input_inside_grid",
        "is_eos",
        "is_object_boundary",
        "output_inside_grid",
        "per_cell_correct",
        "same_as_input"
      ],
      "val_acc": {
        "colour_changed": 0.9963265061378479,
        "input_inside_grid": 0.9998403191566467,
        "is_eos": 0.9997604489326477,
        "is_object_boundary": 0.9807538986206055,
        "output_inside_grid": 0.9998403191566467,
        "per_cell_correct": 0.9670180678367615,
        "same_as_input": 0.9966459274291992
      },
      "weight_norms": {
        "colour_changed": 5.126307487487793,
        "input_inside_grid": 6.934582233428955,
        "is_eos": 4.382370948791504,
        "is_object_boundary": 5.3789448738098145,
        "output_inside_grid": 6.934582233428955,
        "per_cell_correct": 4.608064651489258,
        "same_as_input": 5.183807373046875
      },
      "cosine_matrix": [
        [
          1.0,
          0.0592,
          -0.0651,
          0.0744,
          0.0592,
          0.0104,
          -0.8953
        ],
        [
          0.0592,
          1.0,
          -0.3191,
          0.0985,
          1.0,
          0.2649,
          0.1667
        ],
        [
          -0.0651,
          -0.3191,
          1.0,
          -0.0697,
          -0.3191,
          0.2591,
          -0.0167
        ],
        [
          0.0744,
          0.0985,
          -0.0697,
          1.0,
          0.0985,
          -0.0256,
          -0.0172
        ],
        [
          0.0592,
          1.0,
          -0.3191,
          0.0985,
          1.0,
          0.2649,
          0.1667
        ],
        [
          0.0104,
          0.2649,
          0.2591,
          -0.0256,
          0.2649,
          1.0,
          0.0077
        ],
        [
          -0.8953,
          0.1667,
          -0.0167,
          -0.0172,
          0.1667,
          0.0077,
          1.0
        ]
      ],
      "pca_explained_variance_ratio": [
        0.3375,
        0.3152,
        0.1916,
        0.103,
        0.0528,
        0.0,
        0.0
      ],
      "pc1_explained_variance": 0.3375,
      "n_dims_for_90pct_var": 4,
      "subspace_dim": 7,
      "hidden_dim": 512
    },
    "z_L_step2": {
      "targets": [
        "colour_changed",
        "input_inside_grid",
        "is_eos",
        "is_object_boundary",
        "output_inside_grid",
        "per_cell_correct",
        "same_as_input"
      ],
      "val_acc": {
        "colour_changed": 0.9975217580795288,
        "input_inside_grid": 0.9994403719902039,
        "is_eos": 0.9991205930709839,
        "is_object_boundary": 0.9788951277732849,
        "output_inside_grid": 0.9994403719902039,
        "per_cell_correct": 0.9738587737083435,
        "same_as_input": 0.9977615475654602
      },
      "weight_norms": {
        "colour_changed": 4.92421293258667,
        "input_inside_grid": 6.180233478546143,
        "is_eos": 4.20616340637207,
        "is_object_boundary": 5.44041633605957,
        "output_inside_grid": 6.180233478546143,
        "per_cell_correct": 4.812361717224121,
        "same_as_input": 4.906209945678711
      },
      "cosine_matrix": [
        [
          1.0,
          0.0503,
          -0.0556,
          0.0629,
          0.0503,
          0.0581,
          -0.8873
        ],
        [
          0.0503,
          1.0,
          -0.2891,
          0.0945,
          1.0,
          0.2997,
          0.1879
        ],
        [
          -0.0556,
          -0.2891,
          1.0,
          -0.0744,
          -0.2891,
          0.2931,
          -0.0166
        ],
        [
          0.0629,
          0.0945,
          -0.0744,
          1.0,
          0.0945,
          -0.0446,
          -0.0093
        ],
        [
          0.0503,
          1.0,
          -0.2891,
          0.0945,
          1.0,
          0.2997,
          0.1879
        ],
        [
          0.0581,
          0.2997,
          0.2931,
          -0.0446,
          0.2997,
          1.0,
          -0.0273
        ],
        [
          -0.8873,
          0.1879,
          -0.0166,
          -0.0093,
          0.1879,
          -0.0273,
          1.0
        ]
      ],
      "pca_explained_variance_ratio": [
        0.3426,
        0.3069,
        0.2006,
        0.097,
        0.053,
        0.0,
        0.0
      ],
      "pc1_explained_variance": 0.3426,
      "n_dims_for_90pct_var": 4,
      "subspace_dim": 7,
      "hidden_dim": 512
    },
    "z_L_step4": {
      "targets": [
        "colour_changed",
        "input_inside_grid",
        "is_eos",
        "is_object_boundary",
        "output_inside_grid",
        "per_cell_correct",
        "same_as_input"
      ],
      "val_acc": {
        "colour_changed": 0.9974440932273865,
        "input_inside_grid": 0.9996805191040039,
        "is_eos": 0.9996805191040039,
        "is_object_boundary": 0.9751597046852112,
        "output_inside_grid": 0.9996805191040039,
        "per_cell_correct": 0.9761182069778442,
        "same_as_input": 0.9976837038993835
      },
      "weight_norms": {
        "colour_changed": 4.839901924133301,
        "input_inside_grid": 6.034725189208984,
        "is_eos": 4.113509654998779,
        "is_object_boundary": 5.379583835601807,
        "output_inside_grid": 6.034725189208984,
        "per_cell_correct": 4.832962989807129,
        "same_as_input": 4.7959980964660645
      },
      "cosine_matrix": [
        [
          1.0,
          0.0567,
          -0.0597,
          0.0402,
          0.0567,
          0.0349,
          -0.8836
        ],
        [
          0.0567,
          1.0,
          -0.3047,
          0.0969,
          1.0,
          0.2873,
          0.1839
        ],
        [
          -0.0597,
          -0.3047,
          1.0,
          -0.0817,
          -0.3047,
          0.3114,
          -0.0234
        ],
        [
          0.0402,
          0.0969,
          -0.0817,
          1.0,
          0.0969,
          -0.0133,
          0.0221
        ],
        [
          0.0567,
          1.0,
          -0.3047,
          0.0969,
          1.0,
          0.2873,
          0.1839
        ],
        [
          0.0349,
          0.2873,
          0.3114,
          -0.0133,
          0.2873,
          1.0,
          -0.0141
        ],
        [
          -0.8836,
          0.1839,
          -0.0234,
          0.0221,
          0.1839,
          -0.0141,
          1.0
        ]
      ],
      "pca_explained_variance_ratio": [
        0.3406,
        0.3115,
        0.1969,
        0.0999,
        0.0511,
        0.0,
        0.0
      ],
      "pc1_explained_variance": 0.3406,
      "n_dims_for_90pct_var": 4,
      "subspace_dim": 7,
      "hidden_dim": 512
    },
    "z_L_step8": {
      "targets": [
        "colour_changed",
        "input_inside_grid",
        "is_eos",
        "is_object_boundary",
        "output_inside_grid",
        "per_cell_correct",
        "same_as_input"
      ],
      "val_acc": {
        "colour_changed": 0.9974438548088074,
        "input_inside_grid": 0.999281108379364,
        "is_eos": 0.9994408488273621,
        "is_object_boundary": 0.9764358401298523,
        "output_inside_grid": 0.999281108379364,
        "per_cell_correct": 0.9789919257164001,
        "same_as_input": 0.9972042441368103
      },
      "weight_norms": {
        "colour_changed": 4.643292427062988,
        "input_inside_grid": 6.106348514556885,
        "is_eos": 4.273009300231934,
        "is_object_boundary": 5.349282741546631,
        "output_inside_grid": 6.106348514556885,
        "per_cell_correct": 4.678369045257568,
        "same_as_input": 4.620657920837402
      },
      "cosine_matrix": [
        [
          1.0,
          0.0872,
          -0.0457,
          0.0639,
          0.0872,
          0.0311,
          -0.8785
        ],
        [
          0.0872,
          1.0,
          -0.2926,
          0.0877,
          1.0,
          0.2744,
          0.1651
        ],
        [
          -0.0457,
          -0.2926,
          1.0,
          -0.0681,
          -0.2926,
          0.3225,
          -0.0345
        ],
        [
          0.0639,
          0.0877,
          -0.0681,
          1.0,
          0.0877,
          -0.0411,
          -0.0064
        ],
        [
          0.0872,
          1.0,
          -0.2926,
          0.0877,
          1.0,
          0.2744,
          0.1651
        ],
        [
          0.0311,
          0.2744,
          0.3225,
          -0.0411,
          0.2744,
          1.0,
          -0.0061
        ],
        [
          -0.8785,
          0.1651,
          -0.0345,
          -0.0064,
          0.1651,
          -0.0061,
          1.0
        ]
      ],
      "pca_explained_variance_ratio": [
        0.3362,
        0.3137,
        0.2001,
        0.0972,
        0.0527,
        0.0,
        0.0
      ],
      "pc1_explained_variance": 0.3362,
      "n_dims_for_90pct_var": 4,
      "subspace_dim": 7,
      "hidden_dim": 512
    },
    "z_L_step15": {
      "targets": [
        "colour_changed",
        "input_inside_grid",
        "is_eos",
        "is_object_boundary",
        "output_inside_grid",
        "per_cell_correct",
        "same_as_input"
      ],
      "val_acc": {
        "colour_changed": 0.9967257976531982,
        "input_inside_grid": 0.9991215467453003,
        "is_eos": 0.9998403191566467,
        "is_object_boundary": 0.9777990579605103,
        "output_inside_grid": 0.9991215467453003,
        "per_cell_correct": 0.9765213131904602,
        "same_as_input": 0.9968056082725525
      },
      "weight_norms": {
        "colour_changed": 4.74440860748291,
        "input_inside_grid": 6.2036356925964355,
        "is_eos": 4.68112850189209,
        "is_object_boundary": 5.4111528396606445,
        "output_inside_grid": 6.2036356925964355,
        "per_cell_correct": 4.712584018707275,
        "same_as_input": 4.709228038787842
      },
      "cosine_matrix": [
        [
          1.0,
          0.0595,
          -0.0439,
          0.0572,
          0.0595,
          0.016,
          -0.8826
        ],
        [
          0.0595,
          1.0,
          -0.2971,
          0.084,
          1.0,
          0.2573,
          0.1827
        ],
        [
          -0.0439,
          -0.2971,
          1.0,
          -0.0625,
          -0.2971,
          0.3098,
          -0.033
        ],
        [
          0.0572,
          0.084,
          -0.0625,
          1.0,
          0.084,
          -0.0584,
          -0.0156
        ],
        [
          0.0595,
          1.0,
          -0.2971,
          0.084,
          1.0,
          0.2573,
          0.1827
        ],
        [
          0.016,
          0.2573,
          0.3098,
          -0.0584,
          0.2573,
          1.0,
          0.02
        ],
        [
          -0.8826,
          0.1827,
          -0.033,
          -0.0156,
          0.1827,
          0.02,
          1.0
        ]
      ],
      "pca_explained_variance_ratio": [
        0.3406,
        0.3093,
        0.199,
        0.0967,
        0.0544,
        0.0,
        0.0
      ],
      "pc1_explained_variance": 0.3406,
      "n_dims_for_90pct_var": 4,
      "subspace_dim": 7,
      "hidden_dim": 512
    }
  }
}